                  Straggling ROW1

        FWHM(y): 2.35*0.323976 = 0.761344     FWHM(z): 2.35*0.324109 = 0.761655
        chi(y): 36.3552     chi(z): 32.3121
        NDoF(y): 22         NDoF(z): 22
