                  Straggling ROW3

        FWHM(y): 2.35*0.591902 = 1.39097     FWHM(z): 2.35*0.572403 = 1.34515
        chi(y): 32.1366     chi(z): 32.0476
        NDoF(y): 22         NDoF(z): 22
