                  Straggling ROW0

        FWHM(y): 2.35*0.215843 = 0.507231     FWHM(z): 2.35*0.217536 = 0.511208
        chi(y): 34.0292     chi(z): 36.2655
        NDoF(y): 22         NDoF(z): 22
