                  Straggling ROW 1

        FWHM(y): 3.30603     FWHM(z): 3.33726
        chi(y): 19.3797     chi(z): 19.1084
        NDoF(y): 47         NDoF(z): 47
