                  Straggling ROW1

        FWHM(y): 2.35*0.258241 = 0.606867     FWHM(z): 2.35*0.262688 = 0.617317
        chi(y): 41.3492     chi(z): 40.583
        NDoF(y): 22         NDoF(z): 22
