                  Straggling ROW4

        FWHM(y): 2.35*0.730848 = 1.71749     FWHM(z): 2.35*0.729352 = 1.71398
        chi(y): 32.7686     chi(z): 28.518
        NDoF(y): 22         NDoF(z): 22
