                  Straggling ROW2

        FWHM(y): 2.35*0.434311 = 1.02063     FWHM(z): 2.35*0.432969 = 1.01748
        chi(y): 32.6207     chi(z): 35.0983
        NDoF(y): 22         NDoF(z): 22
