                  Straggling ROW3

        FWHM(y): 2.35*0.588183 = 1.38223     FWHM(z): 2.35*0.594065 = 1.39605
        chi(y): 34.0979     chi(z): 32.9082
        NDoF(y): 22         NDoF(z): 22
