                  Straggling ROW2

        FWHM(y): 2.35*0.442791 = 1.04056     FWHM(z): 2.35*0.437697 = 1.02859
        chi(y): 34.1077     chi(z): 31.9622
        NDoF(y): 22         NDoF(z): 22
