                  Straggling ROW 2

        FWHM(y): 4.31786     FWHM(z): 4.26276
        chi(y): 19.2195     chi(z): 19.2385
        NDoF(y): 47         NDoF(z): 47
