                  Straggling ROW4

        FWHM(y): 2.35*0.717947 = 1.68717     FWHM(z): 2.35*0.706515 = 1.66031
        chi(y): 30.2657     chi(z): 28.0073
        NDoF(y): 22         NDoF(z): 22
