                  Straggling ROW3

        FWHM(y): 2.35*0.569645 = 1.33867     FWHM(z): 2.35*0.567843 = 1.33443
        chi(y): 31.8093     chi(z): 33.6915
        NDoF(y): 22         NDoF(z): 22
