                  Straggling ROW0

        FWHM(y): 2.35*0.220347 = 0.517815     FWHM(z): 2.35*0.214306 = 0.503618
        chi(y): 32.3067     chi(z): 30.6395
        NDoF(y): 21         NDoF(z): 22
