                  Straggling ROW1

        FWHM(y): 2.35*0.255857 = 0.601264     FWHM(z): 2.35*0.249134 = 0.585466
        chi(y): 40.2848     chi(z): 40.043
        NDoF(y): 22         NDoF(z): 22
