                  Straggling ROW3

        FWHM(y): 2.35*0.471918 = 1.10901     FWHM(z): 2.35*0.46363 = 1.08953
        chi(y): 41.0132     chi(z): 40.5619
        NDoF(y): 22         NDoF(z): 22
