                  Straggling ROW0

        FWHM(y): 2.35*0.175392 = 0.41217     FWHM(z): 2.35*0.169999 = 0.399497
        chi(y): 37.9562     chi(z): 43.5302
        NDoF(y): 22         NDoF(z): 21
