                  Straggling ROW 2

        FWHM(y): 1.01979     FWHM(z): 1.02516
        chi(y): 18.4499     chi(z): 17.472
        NDoF(y): 28         NDoF(z): 32
