                  Straggling ROW2

        FWHM(y): 2.35*0.363917 = 0.855206     FWHM(z): 2.35*0.367411 = 0.863415
        chi(y): 38.2003     chi(z): 40.8679
        NDoF(y): 22         NDoF(z): 22
