                  Straggling ROW1

        FWHM(y): 2.35*0.315976 = 0.742544     FWHM(z): 2.35*0.325904 = 0.765875
        chi(y): 33.6733     chi(z): 38.4245
        NDoF(y): 22         NDoF(z): 22
