                  Straggling ROW3

        FWHM(y): 2.35*0.576262 = 1.35422     FWHM(z): 2.35*0.569867 = 1.33919
        chi(y): 33.8992     chi(z): 33.0498
        NDoF(y): 22         NDoF(z): 22
