                  Straggling ROW 1

        FWHM(y): 3.48143     FWHM(z): 3.50582
        chi(y): 20.0721     chi(z): 20.0969
        NDoF(y): 47         NDoF(z): 47
