                  Straggling ROW1

        FWHM(y): 2.35*0.326314 = 0.766839     FWHM(z): 2.35*0.319766 = 0.751449
        chi(y): 30.6612     chi(z): 32.339
        NDoF(y): 22         NDoF(z): 22
