                  Straggling ROW4

        FWHM(y): 2.35*0.598136 = 1.40562     FWHM(z): 2.35*0.597767 = 1.40475
        chi(y): 40.0148     chi(z): 38.2572
        NDoF(y): 22         NDoF(z): 22
