                  Straggling ROW2

        FWHM(y): 2.35*0.439598 = 1.03305     FWHM(z): 2.35*0.450711 = 1.05917
        chi(y): 36.3888     chi(z): 34.7071
        NDoF(y): 22         NDoF(z): 22
