                  Straggling ROW2

        FWHM(y): 2.35*0.353006 = 0.829564     FWHM(z): 2.35*0.352831 = 0.829153
        chi(y): 39.0879     chi(z): 44.2421
        NDoF(y): 22         NDoF(z): 22
