                  Straggling ROW1

        FWHM(y): 2.35*0.325839 = 0.765722     FWHM(z): 2.35*0.322001 = 0.756702
        chi(y): 31.5985     chi(z): 33.0288
        NDoF(y): 22         NDoF(z): 22
