                  Straggling ROW3

        FWHM(y): 2.35*0.489192 = 1.1496     FWHM(z): 2.35*0.501476 = 1.17847
        chi(y): 37.4198     chi(z): 39.1255
        NDoF(y): 22         NDoF(z): 22
