                  Straggling ROW2

        FWHM(y): 2.35*0.454476 = 1.06802     FWHM(z): 2.35*0.451598 = 1.06126
        chi(y): 34.2257     chi(z): 34.1332
        NDoF(y): 22         NDoF(z): 22
