                  Straggling ROW0

        FWHM(y): 2.35*0.219519 = 0.51587     FWHM(z): 2.35*0.221864 = 0.521381
        chi(y): 29.5518     chi(z): 30.826
        NDoF(y): 22         NDoF(z): 22
