                  Straggling ROW0

        FWHM(y): 2.35*0.174679 = 0.410496     FWHM(z): 2.35*0.176587 = 0.414981
        chi(y): 40.9986     chi(z): 38.9783
        NDoF(y): 21         NDoF(z): 21
